zip_128 = [3.93
35.3
2.61
1.92
2.33
1.98
12.97
1.9
2.26
1.85
108.81
21.52
30.02
1.87
2.76
1.9
16.46
1.85
1.9
2.34
1.79
2.28
2.64
1.7
1.79
2.3
1.83
36.04
1.98
2.5
1.89
2.14
1.85
2.34
2.23
1.75
12.23
2.01
2.33
2.03
5.11
12.69
7.84
21.35
2.36
2.45
2
2.96
1.68
2.05
1.88
1.95
2.05
1.87
2.22
1.84
2.54
13.92
2.16
1.87
2.01
1.87
2.09
1.89
2.27
2.29
2.65
2.01
2.11
2.09
32.07
1.99
7.72
1.82
12.52
1.88
2.19
1.95
2.3
1.99
2.14
1.83
2.45
2.02
2.25
2.43
2.36
19.8
2.38
1.97
2.29
2.21
2.14
1.98
2.1
2
10.95
1.84
6.97
2.67
1.87
2.11
1.78
2.47
2.72
1.85
2.18
4.1
2.49
8.71
2.06
2.01
2.24
1.99
2.54
2.06
7.67
1.77
1.75
1.79
1.88
1.78
1.85
1.84
2.45
1.85
2.34
2.14
2.36
1.85
5.86
1.84
4.19
120.08
44.25
58.96
122.94
23.91
2.08
1.82
2.2
37.82
2.13
1.89
2.18
1.72
2.33
1.87
2.15
1.71
10.44
2.21
1.97
1.86
2.19
1.76
1.73
1.75
2
1.84
2.12
1.73
2.23
1.86
6.45
1.8
2.11
3.11
9.22
1.86
94.74
37.13
27.42
48.55
77.19
64.93
58.74
1.73
91.46
19.29
54
125.47
32.91
53.77
87.1
31.99
27.4
106.75
31.9
41.49
106.19
90.65
19.3
48.86
139.14
66.4
22.82
22.36
20.99
85.6
19.07
39.08
24.05
36.99
42.34
16.75
58.15
52.86
2.52
12.7
67.86
101.83
21.31
26.13
60.36
112.31
113.69
150.69
33.4
53.56
74.95
24.01
84.15
37.64
16.02
25.52
38.31
36.51
1.88
38.98
29.85
21.83
45.61
22.14
29.94
59.57
39.54
58.21
51.34
30.48
10.83
29.51
114.37
29.57
72.82
80.21
50.04
40.11
25.37
39.58
36.94
27.47
110.79
18.43
3.26
37.03
16.72
64.31
93.24
28
120.23
49
98.5
1.54
1.87
1.44
2.04
1.4
1.77
1.47
1.86
1.54
1.43
1.5
1.58
1.66
1.36
1.61
1.56
1.51
6.74
1.52
1.8
1.46
1.75
1.84
2.08
1.37
1.49
2.05
1.47
4.62
1.57
1.93
1.48
1.86
1.51
1.96
1.69
1.96
1.43
16.04
1.65
2.14
6.04
2.28
1.38
1.47
1.76
1.48
1.95
1.44
6.79
1.52
1.82
1.49
1.88
1.6
2.13
3.89
1.92
1.52
2
2.05
2.01
1.87
1.63
1.86
1.62
1.9
1.8
2.09
1.5
2
1.96
1.51
1.72
1.59
1.96
1.49
1.6
1.68
2.08
1.61
2.35
1.58
13.74
1.56
1.47
2.08
2.07
1.52
1.9
1.53
1.85
1.49
1.87
1.57
1.86
1.64
1.58
2.02
1.48
1.94
1.52
1.63
2.42
1.58
1.95
1.7
1.57
5.52
1.6
1.71
1.53
1.95
1.64
2.03
1.54
1.92
2.25
1.89
1.44
2.12
1.46
1.62
1.91
1.91
2.03
1.76
2.19
2.03
1.48
4.36
1.48
2.65
1.41
1.56
1.59
2.38];
zip_512 =[2.25
2.38
3
2.25
3.15
2.2
3.01
2.24
2.48
2.38
2.65
4.1
2.78
2.26
2.99
2.01
2.54
2.14
3.25
2.27
2.52
2.63
2.5
2.41
1.97
3.14
2.17
2.11
2.62
2.46
2.5
2.03
2.53
2.45
2.65
2.43
2.11
2.36
2.46
2.5
2.03
2.4
2.64
2
2.07
2.52
2.56
2.81
2.48
2.67
2.92
1.97
2.02
2.73
2.21
4.84
2.36
3.76
2.88
18.95
1.97
2.32
2.53
2.31
1.81
2.25
2.49
1.98
2.1
2.07
3.08
6.67
2.58
13.29
8.8
4.44
2.32
2.08
2.81
2.04
2.46
2.19
2.75
2.67
2.1
2.13
2.78
2.03
2.65
2.63
2.05
2.68
2.02
2.42
2.66
2.07
2.32
2.09
2.72
1.89
2.36
1.93
2.68
1.96
4.03
2.12
2.71
2.24
1.91
2.45
2.57
2.5
2.66
1.98
2.88
2.27
2.06
2.66
2.33
2.65
2.09
2.97
2.6
2.39
2.06
2.4
2.61
2.5
2.02
3.48
2.57
2.65
2.07
2.98
2.08
2.06
2.12
2.63
2.26
2.39
1.91
2.39
2.73
2.25
2.66
2.2
2.31
2.12
2.4
9.36
2.86
2.47
2.51
3.06
4.44
2.48
1.91
2.34
2.24
2.4
1.98
1.95
2.94
2.59
2.06
2.65
2.33
2.45
1.9
2.19
2.39
2.28
2.2
2.56
2.35
2.56
2.03
2.78
3.61
2.26
3.26
2.33
2.32
2.93
1.94
2.35
7.16
2.41
2.37
2.23
3.13
1.9
1.96
2.06
2.92
2.03
2.82
2.58
2.29
2.55
2.04
2.28
2.79
2.15
2.69
2.05
6.17
2.19
4.09
2.23
2.76
1.91
2.33
2.05
2.72
2.92
2
2.37
2.47
8.13
2.17
6.68
2.09
2.75
2.03
2.62
2.11
2.64
1.89
2.52
2.16
2.26
2.17
2.42
2.51
2.5
1.94
2.37
2.56
2.24
2.11
2.38
2.48
2.28
2.01
2.69
4.04
1.96
2.43
1.86
2.85
2.59
2.02
2.44
2.49
2.49
2
2.56
2.36
2.42
1.86
4.13
2.36
1.89
2.25
2.36
2.32
2.07
2.58
2.64
2.04
2.54
2.18
2.4
2.37
2.25
1.89
2.01
2.34
2.56
2.06
2.35
2.32
2.23
2.04
2.31
2.53
1.88
2.66
2.08
3.24
2.01
2.29
2.23
2.78
2.41
2.26
1.89
3.39
2.64
2.75
2.11
2.85
1.98
2.35
2.06
3.18
2.18
2.26
2.68
1.88
2.41
2.4
2.61
1.96
2.55
2.54
2.16
2.92
2.12
2.57
2
2.71
1.96
2.15
2.52
2.28
2.37
2.13
2.8
2.36
2.46
2
1.88
2.58
2.47
2.26
2.44
2.76
2.19
3.55
2.34
2.53
2.07
2.4
2.06
2.99
2.08
2.13
2.14
2.73
2.85
2.55
2.75
2.2
1.93
2.67
28.29
12.72
2.75
2.25
2.61
2.42
2.29
1.91
2.12
2.27
1.94
2.04
2
2.38
2.38
1.97
2.07
3.02
2.74
1.98
2.38
2.81
2.03
2.08
2.07
2.8
1.83
2.47
2.04
3.02
2.87
2.76
1.9
2.75
2.13
2.03
2.09
2.48
2.24
1.94
2.16
2.31
2.78];
image_128 =[3.04
7.04
17.65
2.02
2.33
2.15
13.07
14.25
12.56
2.11
106.23
74.94
2.4
2.29
1.98
2.16
2.02
2.42
4.22
2.11
1.81
2.37
17.98
6.15
2.07
2.23
2.04
2.3
2.04
2.12
1.97
1.81
1.92
2.54
1.93
2.47
1.74
11.3
1.9
1.99
1.86
46.26
25.13
11.43
2.25
2.3
2
6.42
1.85
2.13
2.12
1.98
1.82
2.12
1.84
1.9
1.93
2.45
1.96
2.14
1.97
13.87
2.03
2.48
1.98
24.74
2.07
2.29
2.05
12
21.61
1.99
1.97
13.59
1.81
2.23
2.28
2.21
2.18
2.33
1.89
2.45
1.75
2.23
1.85
6.55
2.38
2.15
1.87
14.74
2
2.24
1.99
15.33
1.8
1.94
13.59
1.91
2.47
2.49
1.99
2.07
1.9
2.41
1.92
2.3
1.9
7.36
4.27
2.2
1.94
2.22
1.92
1.9
1.96
2.84
1.85
15.83
2.21
2.39
1.77
4.29
32.36
21.98
7.79
68.11
63.5
42.72
49.47
2.14
2.41
1.65
7.42
1.93
1.97
1.86
2.25
1.74
2.31
1.94
2.78
1.9
10.51
1.82
17.46
1.94
2.11
1.92
2.22
1.81
4.47
1.95
7.11
1.74
14.31
1.68
2.17
1.98
2.13
1.81
2.08
1.86
12.43
2.21
1.77
2.3
2.19
2.29
18.8
21.8
2.1
1.75
2.44
12.82
26.33
35.66
19.41
62.1
120.15
26.55
68.06
17.2
43.64
71.46
141.96
20.61
23.43
113.66
8.22
17.76
20.82
11.42
38.71
54.15
69.11
31.09
19.77
59.44
56.78
26.12
112.89
42.58
88.66
34.21
100.01
29.39
34.29
25.08
58.06
45.28
14.09
72.96
38
47.3
76.26
37.04
5.68
38.3
36.24
26.58
40.7
63.77
52.79
28.3
15.78
18.92
28.81
27.33
34.01
56.96
21.28
1.73
20.62
1.99
78.84
26.12
44.05
32.79
49.07
60.29
140.31
34.25
45.6
38.96
26.13
40.33
67.56
52.76
69.62
38.97
75.87
74.37
40.11
20.65
8.71
60.26
129.89
31.32
53.43
28.99
24.86
48.11
26.41
112.15
81.27
58.82
35.9
91.71
17.15
67.57
36.5
3.31
44.59
23.14
1.82
1.68
2.01
1.69
2.02
2.07
1.91
1.62
1.99
1.39
2.1
1.53
1.65
2.89
2.21
1.5
17.5
1.83
2.43
1.64
1.56
1.68
1.7
1.68
2.57
1.46
3.5
2.3
1.65
1.89
1.62
1.96
1.7
10.61
1.82
1.67
2.12
1.67
1.98
1.92
1.49
17.77
1.51
2.05
1.71
1.91
1.86
1.6
2.45
1.69
2.1
1.56
12.02
1.54
2
1.68
1.67
7.57
1.54
9.41
1.88
1.52
2
1.92
1.51
9.58
1.54
9.91
1.68
2.12
1.77
1.65
1.45
2.03
1.48
1.92
2.22
1.88
1.49
15.09
1.52
1.99
1.57
2.15
1.59
1.9
1.61
2.08
1.51
2.21
1.7
15.15
2.1
2.09
1.47
2.15
1.56
1.79
1.84
1.94
1.79
9.84
1.69
1.99
1.78
2.08
1.65
1.96
1.59
1.79
1.74
2.05
1.7
2.18
1.5
2.23
1.52
1.82
1.66
1.9
1.57
1.69
1.9
9.79
1.79
1.77];
